               0.914534742840462
               0.787716352529565
               0.761930549578715
               0.736529370207184
               0.721796703338946
               0.708795328841208
               0.695813470570202
               0.686847909863799
               0.68217645046146
               0.674522009877869
               0.668131981701461
               0.661148031137095
               0.658048709529491
               0.656248793403291
               0.652407369126094
               0.647953463004443
               0.643115197170927
               0.63430358362368
               0.631375930582484
               0.631555321160704
               0.631176023356804
               0.626090956634774
               0.628721773807128
               0.625994505556365
               0.621961443406083
               0.622931436470632
               0.620881136306707
               0.623858480107932
               0.627034552665363
               0.630520495763146
               0.630609675325104
               0.625549438714693
               0.626158005594334
               0.621308277937513
               0.625117155471445
               0.625166741110863
               0.632900491250944
               0.630213415606502
               0.629343670080642
               0.628579759003818
               0.628368599696033
               0.627436753078655
               0.62578952873365
               0.624405696614607
               0.625080517200937
               0.624057474829897
               0.623061975221693
               0.619275142625055
               0.625127651560534
               0.628035053774915
